num_pellets 7
pacman_home (3 * 16, 10 * 16)
ghost_home [(2 * 16, 3 * 16), (1 * 16, 1 * 16), (2 * 16, 1 * 16), ( 3 * 16, 1 * 16)]
level_dim (5, 12)
color_edge (0, 0, 255, 255)
color_fill (0, 0, 0, 255)
color_shadow (0, 0, 128, 255)
color_pellet (255, 255, 255, 255)
107 100 100 100 108
101   0   0   0 101
131 100   1 100 132
101   0   0   0 101
131 100 133 100 132
101   3 101   0 101 
101   2 101   0 101 
101   2 101   0 101 
101   2 101   0 101 
101   2 105 100 132 
101   2   2   0 101 
105 100 100 100 106
